600

infinitivus activi

audeire 920, 71

7000110 995. 9

, 7000110 (700010 110) 4059, ’9, 47, 51

infinitivus passivi

advehei 4060, 58

agei 4060, 64

00001001 4059, ι, 44, 47

darei 974, 9 69 988, 9, 34, 4059,
5, 11, 9, 98, 55

001001 4059

00001 4059, ‘25¹ 4060, 63 64

ex portarei 4060, 60

410101 995, 11, 4059, 1, 3 15 9, 35
39 4060, 7 10 2457

fruei 4004, 1, 35 4060, 74 76, 4874

10010001 4059, 1, 44 47

100100101 4059, 9, 94

tegarei 4060. 150

legei 944, 13 988, 9, 18

1014401 949, 44 4060, 150

0055100101 4059, 9, 51

0101140101 4060, 1

01050101001 4059, 9, 47 51

reddei 4059, 9, 55

renuntiarei 4060, 100

restipulaiei 1059, 1, s

solvei 949, 44

400101 4060, 33

utei 4004, 1, 10 4060, 74 76 78 uu-
tei 4004, 35

infinitivus passivi in ier

abducier 944, 71

avocarier 944, 71

tigier 879, 97

gnoscier 879, 98

010011ον 4874

04101 884

perfectum contractum

abalienarunt 4004, 9, 97

accusasse 4060, 190

01000101οὶ5 2448

001101004 2206

onerarunt 4556, 4689, 4777

00101004 4666, curar(unt) 4688

dedicarunt 4034

10010001104 927, 3, 19

10101104 942, 91 944, 94

40001(οη4) 4684, 4678 10001004 4688

negarint 944, 49

00101001οη4 4324
00014 2096 001014 4409
0011541 4096 00115415 943

’ 005014 4794 005114 4862 posit 4564,

4783, 4795

probarunt 4503 probarunt 4488 pro-
baru(nt) 4688

010000410114 94 4, 54

5015 (511152) 473

speraram 4337

5000105οε 884

terminarunt 4647

perfecti tertia pluralis

censuere 834, 835, 879, 3 9 18 96

0005010010 834

contulere 4945

0011117010 928 00110701004 558 000-
ravere 929 coeraverunt 4406

0010701004 4679

00010 858 dedere 545, 2342 dederi

emeru 829

secere 872, 2400

probavere 4502 01000701 4406

probavero 567 0100010 4688

terminavere 4468

71115010 4464

010040νίιί formae variae

adierit 920 17 adierint 92098 4 060, 134
00010114 944 39 audiveramus 4440 9
composeiveruut 949 9
conquaesiverit 94 4, 34 conquaeisivei
deposierunt 4327

suei 4326 100014 4385

10401101541 4574

004101 886 00410114 4059, 9, 43
00501701 904 005101004 4793, 4804
00500014 949, 98

010007014 4028 ·

quaesierit 944, 69

-redidei 904

1001014 894
renuntiaverit 4060, 114
sivit 4337

sumpsit 920, 9

7021701745 genum ire) 920, 58 65 bie

veixei 885

—t—·

