588

extaboleis 944 f

inagro 4554 inagrum 4404 f

1031110 4059, 1, 95 4060, 18

10316901 4547 t

inavarities 4329 ι

10638191οω 949, 17 1

1063811918 4060, 101

10691910 949, 33 1

1116008111οω 944, 71

indecurionum 4060, 106

indiebus 4060, 94

1069100110θί 4060, 87

inea 4059, 1 91 39 49 4060, 97 ξ

1090 4059, 1, 47 9. 58 4060, 109118 1
127 130 131 160

109010 4059, 9, 91 45

ineorum 4059, 99 99 96 53 56 4 060, 108

inearum 4059, 1, 46

10918 4060, 97 149

101918 4060, 56

10118618 944, 67

infloviom 949, 7 9 19 99 1

insontem 949, 19 99 ⁴

infronte 4346 ·

inGallia 4059. 1, 79, 96 53 ⁴

inheredem 4059, 9, 45

inintegrum 4060, 118

10113113 4060, 118

11110118 944,1910108 4059,1, 10 13

11111119 4059, 1, 319 4717 36 45
4060, 113 1

1103411οἆ109 4060, 39 a

inlegione 4060, 10

101060 4060, 53 78 138 ἱ

inlongitudine 4060, 39 ¹

1
d

· inmanu 944, 51

9οΜ31116910 949, 19

1010001901 949, 19 90

’ inmunicipio 4060, 94 98 194 196 135 !
136138 inmuuioipieis 4060, 89 157 ¹

10031191 4060, 795

inpopufi 926,

inpoplicum 9496, 95 97 35 1011011Ιί90 ⁷
920, 7410000116οω 920, 74 l

{nptivatum 920, 97 1

inqua 4060, 30

inquibus 4060, 136 908 ἰ

inre 949, 9 ¹

insenatu 944,
106 198 131

99 1099034010 4060 ,

1013111113 4060, 18 1013001301 4060,
151013110138 4060, 3 4 1439148 155
101110901918 949, 43

’ nequis 879, 4 10 944, 10 16 30 38 70

84 cet. 011106138 4572
011938 949, 43
proconsule 899
quodie 944, 63 4060, 36 63
quoquis 944, 44
seiquis 944, 5 34 37 76 89 949 43
44 920, 95,30988 4 4059 1,13

i Vocabula initio nel medio imminuta

Μ 9410 Prometheus 539

Opergiu, Opitergiu 974
Ris, Paris 534

le prox

Alexsa 4878

¹ Alexsander 4464 4561

Alexsandrea 344

Α118108 343 ’

auxsiliariei 4822

301181110ῐο 4326 ’

Buxsus 4506

600100118 4329

Coxsa 4787

(1011802444

(19(1011811 920, 93

Dexsonia 4585

(1913818118 4446, 5 dixserunt 919, 3
deixserit 4059, 9. 34 (1911891101
4004, 9, 33

deilexserat 4874

dum 4311831 942, 19

duxserit 4059, 9. 90

exsigatur 920, 79 exsigito 912, 9 ex·
sacto 4574

exsceptum 920, 99

exsitu 4448

Exsodium 4496

exstrad 879, 16 99

13118918 892 faxsit 920, 95 84

felixs 4448

interrexs 4564

lexs 942, 13

Maxsuma 4745 2444 2456 Maxsu·
mus 324 2079· Μ311810108 4358

noxsiae 4059, 9, 33

proxsumus 942, 14 17 94 944, 54 6
69 68 990, 37 59 53 73 75 77 78 96
4059, 1 43 proximum 4820

