598

anneis 944, 13 66 4060, 99
3111111919 4060

antiqueis 892

Argeis 4047

3341141919 557

30940134919 2403

11011919 4567

capiundeis 4004, 9, 39 33
93941919 474, 876, 4060, 91
“ 93119919 4060, 60

certeis 4060, 60

99491919 988, 9, 99

· 901011919 (colonia) 4060, 83 149 157

9091141919 4060, 139

900911131101919 944 31 bis conciliabu-
1919 4060, 83

conscripteis 4060, 194133 135 9011-

· 99191ρ4919 4060, 109

controversieis 949, 1

’91399919 927, 9, 9

1134919 4059, 9, 13

(1991111919 988, 9, 40

digiteis 944, 59

11011919 892

9919 879, 5 eieis 446, 11 19 1919 4004,
1, 5 15 17 18 90 94 9,16 94 34 919-

dem 4409, 1, 49 49 9, 49 43 4060,
56 59 70 bis 75 76 155

1394919 884

foreis 94 4, 31 4060, 83
1191999 944, 8

111919 4034, 3

integreis 1060, 54
inviteis 949, 40 920, 89
1110191919 4059, 9, 13

e iumenteis 4060, 67
10134919 4060, 48
11199919 4059, 9, 14
[1379111919 4787

19834919 920, 154
legundeis 988, 9, 15
1911191919 995, 9

11111919 4060, 155

109919 920, 9347, 79 4004, 1, 9ο 94

ἓὸξὲ 97 4060, 97 39 70 79 73 75

Iudeis 4060, 64 137
1119114919 4330 4409
1111919 886

1111114919 4332

1110111191ρί919 920, 31 bis municipieis
1060, 82 142 157
, 11011919 988, 1, 10 14 18 99 96 30
011919 (11119) 4734, 3
0119919 4384
ορρ9ἀὲ198944, 31 98 oppideis 4004,
2, 2 2
pageis 4436
1110941919 4060, 69
1109491919 995, 9 ,
praefectureis 4060, 83 143 157
primeis 988, 1, 10 14 927, 3, 13
proxsumeis 942, 19 17 94 944, 69 68
349293, 37 53 73 78 96 4060, 24 -ss
· ί
popliceis 942, 31 949, 58 publiceis
920, 56 70 4060, 80
Ρ114901919 927, 3 9
10941919 944, 36
9990110919 988, 1, 13 99 93911919 4408
9911919 927, 9, 8
singuleis 4060, 99 109
9091919 474
sublegundeis 988, 9, 15
911919 4004, 1, 8 9 9011919 557 846
431101919 942, 99 31 944, 15 96 97 58
4311111919 920, 70 43111919 920
49141919 988, 1, 30
trientabuleis 920, 31
7911911919 4770
01391919 920, 11 19
vieis 920, 96 4060, 56
vireis 944, 15 90
vobeis 4446, 11
abl. plur. in os
navebos 474
4191111109 23
declinatio nominum qraecanicmm
Antiocinis qen. 4764
A'ndracini dat. 4758 ·
Danatidi 4997 ’
Danaene acc. 4450
1)01·1111 2408
Hymninis 4584
Hymnini 4404
Lampyrini 4353
Ρ3111399111 4409
84994101 4409

declinatio inusitatior

Asclaronon qen. pl. (Α991113110111111)946

