596

duo vitei 1463 5051611161 988, 1, 49 9, 4 31
duo mirei 9319 thurariei 2322
186161 990, 77 81 1004, 1. 4 ⁷ vitei 879, 19 91 914, 91 990
1611611801 1116117541111611669 1756 ungentariei 1590
[0111618161 879, 3 0561 1004, 1, 18 96 31
1106161 1004, 1, 18 96 31 in eis tertiae
11161.1567 ’ 66111615 914, 77
1051110161 988, 37 fineis 919, 3 6
11111161 919, 36 [1611615 1034, 16
·ipsei 1004, 1, 39 9, 96 in is
eidem 919, 17 988, 1, 11 16 90 91 98 finis 919, 13
1106 bis Freis 1669
161 834, 988, 1, 3, 17 30 9, 4 15 ioudicis 914, 38
1059, 1, 48 1060, 94 mendacis 974
11811661 873 praitoris 545 ,
1111161 1149 bis yenite'vus pluralis-in om 61 im
10561 914, 63 Aisernim 65 c d l Aiserniom‚ Αἰ-
105161 914, 67 „ · ’ 5611110001 65 b 9 11 k
1161 1339 01ον0111 474
166161 914, 14 19 9ο 91 96 97 38988, Romanum 16, 17 Romqnom 18
Ι, ‘ll 9, 4 ‘25 31 souom 990 “
legatei 995, 3 1060, 15316156161876 in· 0
11561161 9159 Aisernino, Aisernio 65 a b [ἱ
librarei 1060, 60 Caiatino 69
magistrei 996 1086151161 9903 Caleno 61
, ministre} 1480 Corano, 56
Mysoi 991 Cozano 54
118161 1457 duonoro 865
11011161 474 bis , (100 vir passim
oinvorsei 879, 19 Ρ81518110 66
[1111101161 1651 Romano 19, 90-96
[1161 934 80658110 59
Poppaeei 9110 Τὶ8ηο 60
[1108166161 1744 in um
Praenestinei 1480 1 deum 9095

[10516161 1004, 1, 6 Ι duum virum 997, 1, 83 6, 11 virum
profanei 1467 990, 38

[1051168061 1004, 9, 36 eum? 1060, 59
1111 vitei 1559 fabrum 1474

quei 557, 876, 919 quoique 1157 inferum 1673
ququei 557 t 1615610109 1396
1

 

·reliquei 1060, 151 [1161561010 9317
1651110161 993 serrarium 1455
1100181161 914, 77 988, 1, 8 19 socium 879, 8 990, 91
88100161 1515 trium virum 914, 13
5611161 876 » , Veiturium 919, 39

scriptei 1004, 1, 6 9, 95 in um, om et ium tertiae
50661 1370 506161 1004 Langatium 919, 6
5011161 990, 89 988, 9, 91 91 municipium 1060, 145

5010161 990, 100 parentum 1676

