597

1151195131, , ,, Teme- s 15511131, ⁷⁴
51111111004,1,9Τ6111161151111111004, ³ vicanois 990, 11
1, 397 9, 94 98 Τ116111161150111111 1004, vieis 1060, 50 bis 69 0116151196 1703 ’
⁷ 1 3 ViveiS ⁴38⁴·
dativus pluralis in as accusativus pluralis in eis
Corniscas 568 Α19615 1059, 9, 96
devas 568 baseis 1500
in is . calieis 990, 96
50615 1368 61115615 474
in 615 civeis 1004, 9, 19
6111616615 1396 Ι)666111111615 988, 17 16 90 94 98
Caedicianeis 1573 fineis 959, 3 98 1004, 1, 13 9, 33 36
⁴ 66161615 988, 9, 96 (1611061615 919, 5
6611615 1060, 66 naveis 474
1101011615 1683, 9110 0610111615 994
(1011111615 996, 97 domineis 1567 omneis 919, 43 988, 1, 39
fruendeis 990. 85 1060, 74 · Ρ61161615 919, 94
6615 879, 5 95 615 1004, 1, 8 34 9 33 90111615 904
1615 997,’3, 19 Quinctileis 1034, 9
19001615 9103 9110 11151615 1470
1111611615 1610 - turreis 1556, 1545
1611161615 990, 5, 995, 9 161516151717 in is
libereis 990, 75 aedis 904
1111611615 1375, 1493 ἡ Aprilis 1993
locandeis 990, 85 Cariaciniensis 474
1116615 889 106615 1060, 69 Decebris 1967
Lumphieis 1670 111115- 99
maritumeis 1004, 4, 31 11115 914, 68
moinicipieis 990, 31 · municipis 1060, 160 163
1101615 1396 , Νο1111115 1188
011615 988, 1, 5 Octobris 990
Papieis 1573 · 01111115 474, 914, ,15 59 bis
patroneis 1519 pauperis 1395
-Pisideis 1004, 1, 10 9160115 473
9011011615 1004, 9, 31 33 (111112) Quintilis 1174
905161615 995, 3 9663 Sextilis 919, 44
propinqueis 9909 1111115 1608
9011116615 990, 85 1060, 69 73 89 ablativus pluralis in 65
purgandeis 1060, 50 51 69 Cavaturines 979, 39
5111111615 988, 1, 3 Μ6111ον11165 919, 39
sei-veis 1060, 89 nuges 876
singuleis 9103 in eis
stipendiarieis 990, 78 81 aedificieis 990, 79 1004, 1, 90 94 5,
5011615 914, 10 511615 1060, 114 1663 23 28

1373, 1694, 1630, 1634, 1443, aesculnieis 997, 9, 9

1519, 1554, 1579 5111615 1371, aestumandeis 914, 58

1457 agreis ,990, 90 99 bis 72 88 1004, 1,
summeis 557 20 24 2, 23 27 ·
1111101615 1060, 73 · alieis 899

