0311500130 9098

0350111010 594

035105 695

Casceiius 9031

1135101010 919,5 17

castelanos 919, 94

Cala (Galla) 1907

0013 (cella) 790, 791, 798

(305013 (03050113) 849

Cina 149

013505 474

Clesipus 1137

Coceiu(s) 1616

00111101105 1589

comvalem 919, 8

comoinem 879, 41

Comuni, Comum· 993

comvovise 879, 13

0001001350 879, 13

conpromesise 879,14

conspondise 879,13

0005001103111005 1508,

Cota 147

dedise 879, 14

(1011111110 914, 53

dimitere 914, 71

diseidens 1537

Epuleia 656

050 834, 835, 879, 5

0501 879, 10 his 050115 879, 94 05001
879, 3, 4 5 95

faciiumed 879, 98

Fanius 1895

10015001 879,-95 ,

recise 879, 19 15 16 19

Fescenius 9198

1113005 716 [11301 1639

fuise 865, 990, 44 57 60 01

salonica 1549

031105 1909 Galia 1408

Gelius 347

00010105 1537

Gemelai 673

00513 678

gesistei 881

Gracus 908 .

1131101εο 879, 4 11 990, 68

1130015001 990, 91

Heronio 680

11100Ιο10 831

1010100501·οω 919, 19

intro mitat 919

100511 876, 897

10511 990, 7 51 1660, 191 1005010111
919, 4 10501001 919 , 4 10050111
914, 19 inserit 914, 69 990, 76
1060, 51 191 10010051501914,9 18

iusei 914, 63

legise 914, 18

11001501 881

10110135 914, 34

Lolius 1358

Lutoi 514

Μ30οΙα 474

1113001001 1517

malent 919, 41

Μ3110 834

Μ311113 1780

Μ300105 1608

Μ30100105 919, 19 bis Mannicelus
919,6

Marcelus 889

masa 1104

Μο01105 (Memmii) 986

Μο5105 1756 Μο513 1053

Messala 1049

Μο10105 1017, 9984

11101113 904

0111131105 904

1110013 1954

Ν31(3) 197

0000511001ηο 914, 94

0000505 879, 5

numei 474 bis

Obilims) 485

00100110 997

01101105 1634, 1635 offena 1635

0110015 1384

0100013013 594

0135 (01135) 1378, 1441

olorom filiorum} 474

opidum 1517

0010 708 011105 707 Opia 707

0110011011 879, 15

ssassiffiffl ²⁵

Pacios 813 ·

31150013 880

erpena 1969
Ρο5001113 730

